{
 "cells": [
  {
   "cell_type": "code",
   "execution_count": 2,
   "id": "97c40177-07b5-43af-a800-82b6c630cbd0",
   "metadata": {
    "tags": []
   },
   "outputs": [],
   "source": [
    "import pandas as pd\n",
    "import numpy as np\n",
    "import yfinance as yf\n",
    "from math import log\n",
    "from arch.univariate import ZeroMean, GARCH, Normal, arch_model,ConstantMean, ARX\n",
    "import datetime as dt\n"
   ]
  },
  {
   "cell_type": "code",
   "execution_count": null,
   "id": "7b8f5e94-e87b-4ec7-9f8b-beac02790c37",
   "metadata": {},
   "outputs": [],
   "source": [
    "st = dt.datetime(1988, 1, 1)\n",
    "en = dt.datetime(2018, 1, 1)"
   ]
  },
  {
   "cell_type": "code",
   "execution_count": 3,
   "id": "0f38dfe4-19c8-47fd-ba6d-13b5224d07b3",
   "metadata": {
    "tags": []
   },
   "outputs": [],
   "source": [
    "tickers=['PG','JNJ','PEP','KO','MCD','COST','WMT','SBUX','GOOGL','V','ABT','META','CVS']\n",
    "bench='^GSPC'\n",
    "data=pd.DataFrame(columns=tickers)\n",
    "for ticker in tickers:\n",
    "    stock=yf.Ticker(ticker)\n",
    "    data[ticker]=list(stock.history(start=\"2022-01-01\", end=\"2022-12-31\").Close)\n",
    "\n",
    "bench_data=pd.DataFrame(columns=['^GSPC'])\n",
    "bench_data['^GSPC']=list(yf.Ticker('^GSPC').history(start=\"2022-01-01\", end=\"2022-12-31\").Close)\n"
   ]
  },
  {
   "cell_type": "code",
   "execution_count": 4,
   "id": "b3745137-04b7-42a3-991b-0ee79be36cb8",
   "metadata": {
    "tags": []
   },
   "outputs": [
    {
     "data": {
      "text/html": [
       "<div>\n",
       "<style scoped>\n",
       "    .dataframe tbody tr th:only-of-type {\n",
       "        vertical-align: middle;\n",
       "    }\n",
       "\n",
       "    .dataframe tbody tr th {\n",
       "        vertical-align: top;\n",
       "    }\n",
       "\n",
       "    .dataframe thead th {\n",
       "        text-align: right;\n",
       "    }\n",
       "</style>\n",
       "<table border=\"1\" class=\"dataframe\">\n",
       "  <thead>\n",
       "    <tr style=\"text-align: right;\">\n",
       "      <th></th>\n",
       "      <th>PG</th>\n",
       "      <th>JNJ</th>\n",
       "      <th>PEP</th>\n",
       "      <th>KO</th>\n",
       "      <th>MCD</th>\n",
       "      <th>COST</th>\n",
       "      <th>WMT</th>\n",
       "      <th>SBUX</th>\n",
       "      <th>GOOGL</th>\n",
       "      <th>V</th>\n",
       "      <th>ABT</th>\n",
       "      <th>META</th>\n",
       "      <th>CVS</th>\n",
       "    </tr>\n",
       "  </thead>\n",
       "  <tbody>\n",
       "    <tr>\n",
       "      <th>0</th>\n",
       "      <td>155.018539</td>\n",
       "      <td>162.225662</td>\n",
       "      <td>163.771118</td>\n",
       "      <td>55.834465</td>\n",
       "      <td>256.880768</td>\n",
       "      <td>558.712646</td>\n",
       "      <td>140.792831</td>\n",
       "      <td>111.629265</td>\n",
       "      <td>144.991501</td>\n",
       "      <td>218.036118</td>\n",
       "      <td>134.063431</td>\n",
       "      <td>338.540009</td>\n",
       "      <td>98.674652</td>\n",
       "    </tr>\n",
       "    <tr>\n",
       "      <th>1</th>\n",
       "      <td>155.560959</td>\n",
       "      <td>161.790634</td>\n",
       "      <td>164.007782</td>\n",
       "      <td>56.766609</td>\n",
       "      <td>256.813873</td>\n",
       "      <td>556.267700</td>\n",
       "      <td>138.213486</td>\n",
       "      <td>109.294861</td>\n",
       "      <td>144.399506</td>\n",
       "      <td>219.050369</td>\n",
       "      <td>130.910492</td>\n",
       "      <td>336.529999</td>\n",
       "      <td>98.797791</td>\n",
       "    </tr>\n",
       "    <tr>\n",
       "      <th>2</th>\n",
       "      <td>156.265182</td>\n",
       "      <td>162.868744</td>\n",
       "      <td>164.566376</td>\n",
       "      <td>57.237385</td>\n",
       "      <td>255.551331</td>\n",
       "      <td>542.159607</td>\n",
       "      <td>140.082291</td>\n",
       "      <td>105.659370</td>\n",
       "      <td>137.774994</td>\n",
       "      <td>216.628052</td>\n",
       "      <td>130.322296</td>\n",
       "      <td>324.170013</td>\n",
       "      <td>100.237740</td>\n",
       "    </tr>\n",
       "    <tr>\n",
       "      <th>3</th>\n",
       "      <td>154.951920</td>\n",
       "      <td>162.310776</td>\n",
       "      <td>164.604248</td>\n",
       "      <td>56.936089</td>\n",
       "      <td>257.942474</td>\n",
       "      <td>542.041260</td>\n",
       "      <td>139.692978</td>\n",
       "      <td>106.329071</td>\n",
       "      <td>137.747498</td>\n",
       "      <td>216.381897</td>\n",
       "      <td>130.302979</td>\n",
       "      <td>332.459991</td>\n",
       "      <td>97.187317</td>\n",
       "    </tr>\n",
       "    <tr>\n",
       "      <th>4</th>\n",
       "      <td>154.866287</td>\n",
       "      <td>164.504791</td>\n",
       "      <td>164.812561</td>\n",
       "      <td>56.804272</td>\n",
       "      <td>255.427017</td>\n",
       "      <td>528.613525</td>\n",
       "      <td>141.026443</td>\n",
       "      <td>102.913605</td>\n",
       "      <td>137.016998</td>\n",
       "      <td>213.634644</td>\n",
       "      <td>130.707993</td>\n",
       "      <td>331.790009</td>\n",
       "      <td>98.703064</td>\n",
       "    </tr>\n",
       "    <tr>\n",
       "      <th>...</th>\n",
       "      <td>...</td>\n",
       "      <td>...</td>\n",
       "      <td>...</td>\n",
       "      <td>...</td>\n",
       "      <td>...</td>\n",
       "      <td>...</td>\n",
       "      <td>...</td>\n",
       "      <td>...</td>\n",
       "      <td>...</td>\n",
       "      <td>...</td>\n",
       "      <td>...</td>\n",
       "      <td>...</td>\n",
       "      <td>...</td>\n",
       "    </tr>\n",
       "    <tr>\n",
       "      <th>246</th>\n",
       "      <td>148.841446</td>\n",
       "      <td>172.252960</td>\n",
       "      <td>177.173828</td>\n",
       "      <td>61.868107</td>\n",
       "      <td>261.646423</td>\n",
       "      <td>459.172852</td>\n",
       "      <td>142.135986</td>\n",
       "      <td>96.250587</td>\n",
       "      <td>89.230003</td>\n",
       "      <td>204.208374</td>\n",
       "      <td>106.058311</td>\n",
       "      <td>118.040001</td>\n",
       "      <td>90.633148</td>\n",
       "    </tr>\n",
       "    <tr>\n",
       "      <th>247</th>\n",
       "      <td>150.138535</td>\n",
       "      <td>172.204422</td>\n",
       "      <td>177.961227</td>\n",
       "      <td>62.246178</td>\n",
       "      <td>260.932587</td>\n",
       "      <td>455.054047</td>\n",
       "      <td>142.175537</td>\n",
       "      <td>97.161484</td>\n",
       "      <td>87.389999</td>\n",
       "      <td>204.664719</td>\n",
       "      <td>106.440666</td>\n",
       "      <td>116.879997</td>\n",
       "      <td>90.110046</td>\n",
       "    </tr>\n",
       "    <tr>\n",
       "      <th>248</th>\n",
       "      <td>148.197784</td>\n",
       "      <td>171.457123</td>\n",
       "      <td>176.678055</td>\n",
       "      <td>61.625748</td>\n",
       "      <td>259.240875</td>\n",
       "      <td>449.585449</td>\n",
       "      <td>139.684174</td>\n",
       "      <td>96.573807</td>\n",
       "      <td>86.019997</td>\n",
       "      <td>203.374985</td>\n",
       "      <td>105.715179</td>\n",
       "      <td>115.620003</td>\n",
       "      <td>89.858170</td>\n",
       "    </tr>\n",
       "    <tr>\n",
       "      <th>249</th>\n",
       "      <td>148.812195</td>\n",
       "      <td>172.330627</td>\n",
       "      <td>176.901642</td>\n",
       "      <td>61.994133</td>\n",
       "      <td>260.042694</td>\n",
       "      <td>453.098846</td>\n",
       "      <td>140.534409</td>\n",
       "      <td>97.719765</td>\n",
       "      <td>88.449997</td>\n",
       "      <td>206.420792</td>\n",
       "      <td>108.146538</td>\n",
       "      <td>120.260002</td>\n",
       "      <td>90.526581</td>\n",
       "    </tr>\n",
       "    <tr>\n",
       "      <th>250</th>\n",
       "      <td>147.807693</td>\n",
       "      <td>171.447403</td>\n",
       "      <td>175.618469</td>\n",
       "      <td>61.664532</td>\n",
       "      <td>257.695831</td>\n",
       "      <td>453.069092</td>\n",
       "      <td>140.178497</td>\n",
       "      <td>97.161484</td>\n",
       "      <td>88.230003</td>\n",
       "      <td>206.123154</td>\n",
       "      <td>107.636734</td>\n",
       "      <td>120.339996</td>\n",
       "      <td>90.274727</td>\n",
       "    </tr>\n",
       "  </tbody>\n",
       "</table>\n",
       "<p>251 rows × 13 columns</p>\n",
       "</div>"
      ],
      "text/plain": [
       "             PG         JNJ         PEP         KO         MCD        COST  \\\n",
       "0    155.018539  162.225662  163.771118  55.834465  256.880768  558.712646   \n",
       "1    155.560959  161.790634  164.007782  56.766609  256.813873  556.267700   \n",
       "2    156.265182  162.868744  164.566376  57.237385  255.551331  542.159607   \n",
       "3    154.951920  162.310776  164.604248  56.936089  257.942474  542.041260   \n",
       "4    154.866287  164.504791  164.812561  56.804272  255.427017  528.613525   \n",
       "..          ...         ...         ...        ...         ...         ...   \n",
       "246  148.841446  172.252960  177.173828  61.868107  261.646423  459.172852   \n",
       "247  150.138535  172.204422  177.961227  62.246178  260.932587  455.054047   \n",
       "248  148.197784  171.457123  176.678055  61.625748  259.240875  449.585449   \n",
       "249  148.812195  172.330627  176.901642  61.994133  260.042694  453.098846   \n",
       "250  147.807693  171.447403  175.618469  61.664532  257.695831  453.069092   \n",
       "\n",
       "            WMT        SBUX       GOOGL           V         ABT        META  \\\n",
       "0    140.792831  111.629265  144.991501  218.036118  134.063431  338.540009   \n",
       "1    138.213486  109.294861  144.399506  219.050369  130.910492  336.529999   \n",
       "2    140.082291  105.659370  137.774994  216.628052  130.322296  324.170013   \n",
       "3    139.692978  106.329071  137.747498  216.381897  130.302979  332.459991   \n",
       "4    141.026443  102.913605  137.016998  213.634644  130.707993  331.790009   \n",
       "..          ...         ...         ...         ...         ...         ...   \n",
       "246  142.135986   96.250587   89.230003  204.208374  106.058311  118.040001   \n",
       "247  142.175537   97.161484   87.389999  204.664719  106.440666  116.879997   \n",
       "248  139.684174   96.573807   86.019997  203.374985  105.715179  115.620003   \n",
       "249  140.534409   97.719765   88.449997  206.420792  108.146538  120.260002   \n",
       "250  140.178497   97.161484   88.230003  206.123154  107.636734  120.339996   \n",
       "\n",
       "            CVS  \n",
       "0     98.674652  \n",
       "1     98.797791  \n",
       "2    100.237740  \n",
       "3     97.187317  \n",
       "4     98.703064  \n",
       "..          ...  \n",
       "246   90.633148  \n",
       "247   90.110046  \n",
       "248   89.858170  \n",
       "249   90.526581  \n",
       "250   90.274727  \n",
       "\n",
       "[251 rows x 13 columns]"
      ]
     },
     "execution_count": 4,
     "metadata": {},
     "output_type": "execute_result"
    }
   ],
   "source": [
    "data"
   ]
  },
  {
   "cell_type": "code",
   "execution_count": 5,
   "id": "eb15da93-3e8f-41f9-8840-5a68e9ab44c8",
   "metadata": {
    "tags": []
   },
   "outputs": [],
   "source": [
    "for i in range(len(bench_data.index)-1):\n",
    "    bench_data.iloc[len(bench_data.index)-i-1,:]=bench_data.iloc[len(bench_data.index)-i-1,:]/bench_data.iloc[len(bench_data.index)-i-2,:]"
   ]
  },
  {
   "cell_type": "code",
   "execution_count": 6,
   "id": "bb08dbf9-d9a1-4bb6-a2e5-6be327d2366a",
   "metadata": {
    "tags": []
   },
   "outputs": [],
   "source": [
    "for i in range(1,len(bench_data.index)):\n",
    "    bench_data.iloc[i]=log(bench_data.iloc[i])"
   ]
  },
  {
   "cell_type": "code",
   "execution_count": 7,
   "id": "897dc609-273a-486f-a9f2-3b3e28f689c3",
   "metadata": {
    "tags": []
   },
   "outputs": [],
   "source": [
    "for i in range(len(data.index)-1):\n",
    "    data.iloc[len(data.index)-i-1,:]=data.iloc[len(data.index)-i-1,:]/data.iloc[len(data.index)-i-2,:]"
   ]
  },
  {
   "cell_type": "code",
   "execution_count": 8,
   "id": "722b7fb7-d9da-41e2-a185-e2620d888119",
   "metadata": {
    "tags": []
   },
   "outputs": [],
   "source": [
    "for i in range(1,len(data.index)):\n",
    "    for j in range(len(data.columns)):\n",
    "        data.iloc[i,j]=log(data.iloc[i,j])"
   ]
  },
  {
   "cell_type": "code",
   "execution_count": 9,
   "id": "5e86d046-e475-4c77-89c2-ebdf66977518",
   "metadata": {
    "tags": []
   },
   "outputs": [],
   "source": [
    "average=[]\n",
    "for i in range(len(data.columns)):\n",
    "    average.append(sum(data.iloc[1:,i]))"
   ]
  },
  {
   "cell_type": "code",
   "execution_count": 10,
   "id": "09d1e318-b012-42df-88d6-a4538d956ec9",
   "metadata": {
    "tags": []
   },
   "outputs": [
    {
     "data": {
      "text/plain": [
       "[-0.04763265849968008,\n",
       " 0.05528818857560552,\n",
       " 0.0698440214773687,\n",
       " 0.0993175833264049,\n",
       " 0.0031679021533134993,\n",
       " -0.2095906573876937,\n",
       " -0.004372937894992671,\n",
       " -0.13880886987407168,\n",
       " -0.4967280466245109,\n",
       " -0.05618690232998776,\n",
       " -0.21955106842540478,\n",
       " -1.0343212396406114,\n",
       " -0.0889705542228972]"
      ]
     },
     "execution_count": 10,
     "metadata": {},
     "output_type": "execute_result"
    }
   ],
   "source": [
    "average"
   ]
  },
  {
   "cell_type": "code",
   "execution_count": 11,
   "id": "ce2c94c7-1d60-4e5d-9e4f-2861aaf9d23f",
   "metadata": {
    "tags": []
   },
   "outputs": [],
   "source": [
    "bench_cov=[]\n",
    "for i in range(len(data.columns)):\n",
    "    \n",
    "\n",
    "    bench_cov.append(sum(data.iloc[1:,i]*bench_data.iloc[1:,0])/(len(data.index)-1)-(sum(data.iloc[1:,i])/(len(data.index)-1))*(sum(bench_data.iloc[1:,0])/(len(data.index)-1)))"
   ]
  },
  {
   "cell_type": "code",
   "execution_count": 12,
   "id": "4272be0a-930f-452c-beb6-fbcd4182af08",
   "metadata": {
    "tags": []
   },
   "outputs": [],
   "source": [
    "covariance=pd.DataFrame(columns=tickers,index=tickers)"
   ]
  },
  {
   "cell_type": "code",
   "execution_count": 13,
   "id": "b1110614-a030-4946-bcf0-47adc7da0ff9",
   "metadata": {
    "tags": []
   },
   "outputs": [],
   "source": [
    "for i in range(len(tickers)):\n",
    "    for j in range(len(tickers)):\n",
    "        covariance.iloc[i,j]=(sum(data.iloc[1:,i]*data.iloc[1:,j])/(len(data.index)-1))-(sum(data.iloc[1:,i])/(len(data.index)-1))*(sum(data.iloc[1:,j])/(len(data.index)-1))"
   ]
  },
  {
   "cell_type": "code",
   "execution_count": 14,
   "id": "b8e1e9af-4bed-41c6-822e-c8b70c3cbc4c",
   "metadata": {
    "tags": []
   },
   "outputs": [
    {
     "data": {
      "text/html": [
       "<div>\n",
       "<style scoped>\n",
       "    .dataframe tbody tr th:only-of-type {\n",
       "        vertical-align: middle;\n",
       "    }\n",
       "\n",
       "    .dataframe tbody tr th {\n",
       "        vertical-align: top;\n",
       "    }\n",
       "\n",
       "    .dataframe thead th {\n",
       "        text-align: right;\n",
       "    }\n",
       "</style>\n",
       "<table border=\"1\" class=\"dataframe\">\n",
       "  <thead>\n",
       "    <tr style=\"text-align: right;\">\n",
       "      <th></th>\n",
       "      <th>PG</th>\n",
       "      <th>JNJ</th>\n",
       "      <th>PEP</th>\n",
       "      <th>KO</th>\n",
       "      <th>MCD</th>\n",
       "      <th>COST</th>\n",
       "      <th>WMT</th>\n",
       "      <th>SBUX</th>\n",
       "      <th>GOOGL</th>\n",
       "      <th>V</th>\n",
       "      <th>ABT</th>\n",
       "      <th>META</th>\n",
       "      <th>CVS</th>\n",
       "    </tr>\n",
       "  </thead>\n",
       "  <tbody>\n",
       "    <tr>\n",
       "      <th>PG</th>\n",
       "      <td>0.000193</td>\n",
       "      <td>0.000089</td>\n",
       "      <td>0.000126</td>\n",
       "      <td>0.00013</td>\n",
       "      <td>0.000098</td>\n",
       "      <td>0.000149</td>\n",
       "      <td>0.000098</td>\n",
       "      <td>0.000121</td>\n",
       "      <td>0.000117</td>\n",
       "      <td>0.000115</td>\n",
       "      <td>0.000125</td>\n",
       "      <td>0.00013</td>\n",
       "      <td>0.000115</td>\n",
       "    </tr>\n",
       "    <tr>\n",
       "      <th>JNJ</th>\n",
       "      <td>0.000089</td>\n",
       "      <td>0.00012</td>\n",
       "      <td>0.00008</td>\n",
       "      <td>0.000078</td>\n",
       "      <td>0.000065</td>\n",
       "      <td>0.00009</td>\n",
       "      <td>0.000061</td>\n",
       "      <td>0.00006</td>\n",
       "      <td>0.000073</td>\n",
       "      <td>0.000067</td>\n",
       "      <td>0.000094</td>\n",
       "      <td>0.000071</td>\n",
       "      <td>0.00009</td>\n",
       "    </tr>\n",
       "    <tr>\n",
       "      <th>PEP</th>\n",
       "      <td>0.000126</td>\n",
       "      <td>0.00008</td>\n",
       "      <td>0.000151</td>\n",
       "      <td>0.000128</td>\n",
       "      <td>0.000104</td>\n",
       "      <td>0.000143</td>\n",
       "      <td>0.000098</td>\n",
       "      <td>0.000119</td>\n",
       "      <td>0.000125</td>\n",
       "      <td>0.000114</td>\n",
       "      <td>0.000118</td>\n",
       "      <td>0.000138</td>\n",
       "      <td>0.000106</td>\n",
       "    </tr>\n",
       "    <tr>\n",
       "      <th>KO</th>\n",
       "      <td>0.00013</td>\n",
       "      <td>0.000078</td>\n",
       "      <td>0.000128</td>\n",
       "      <td>0.000155</td>\n",
       "      <td>0.000098</td>\n",
       "      <td>0.000141</td>\n",
       "      <td>0.000092</td>\n",
       "      <td>0.00011</td>\n",
       "      <td>0.000113</td>\n",
       "      <td>0.000121</td>\n",
       "      <td>0.000113</td>\n",
       "      <td>0.000108</td>\n",
       "      <td>0.00011</td>\n",
       "    </tr>\n",
       "    <tr>\n",
       "      <th>MCD</th>\n",
       "      <td>0.000098</td>\n",
       "      <td>0.000065</td>\n",
       "      <td>0.000104</td>\n",
       "      <td>0.000098</td>\n",
       "      <td>0.000155</td>\n",
       "      <td>0.000123</td>\n",
       "      <td>0.000072</td>\n",
       "      <td>0.000154</td>\n",
       "      <td>0.000124</td>\n",
       "      <td>0.000128</td>\n",
       "      <td>0.000109</td>\n",
       "      <td>0.000113</td>\n",
       "      <td>0.000095</td>\n",
       "    </tr>\n",
       "    <tr>\n",
       "      <th>COST</th>\n",
       "      <td>0.000149</td>\n",
       "      <td>0.00009</td>\n",
       "      <td>0.000143</td>\n",
       "      <td>0.000141</td>\n",
       "      <td>0.000123</td>\n",
       "      <td>0.0004</td>\n",
       "      <td>0.000201</td>\n",
       "      <td>0.000223</td>\n",
       "      <td>0.000274</td>\n",
       "      <td>0.000187</td>\n",
       "      <td>0.000179</td>\n",
       "      <td>0.0003</td>\n",
       "      <td>0.000143</td>\n",
       "    </tr>\n",
       "    <tr>\n",
       "      <th>WMT</th>\n",
       "      <td>0.000098</td>\n",
       "      <td>0.000061</td>\n",
       "      <td>0.000098</td>\n",
       "      <td>0.000092</td>\n",
       "      <td>0.000072</td>\n",
       "      <td>0.000201</td>\n",
       "      <td>0.000291</td>\n",
       "      <td>0.000097</td>\n",
       "      <td>0.000125</td>\n",
       "      <td>0.000071</td>\n",
       "      <td>0.00008</td>\n",
       "      <td>0.000119</td>\n",
       "      <td>0.000088</td>\n",
       "    </tr>\n",
       "    <tr>\n",
       "      <th>SBUX</th>\n",
       "      <td>0.000121</td>\n",
       "      <td>0.00006</td>\n",
       "      <td>0.000119</td>\n",
       "      <td>0.00011</td>\n",
       "      <td>0.000154</td>\n",
       "      <td>0.000223</td>\n",
       "      <td>0.000097</td>\n",
       "      <td>0.000505</td>\n",
       "      <td>0.000327</td>\n",
       "      <td>0.000247</td>\n",
       "      <td>0.000216</td>\n",
       "      <td>0.000457</td>\n",
       "      <td>0.000126</td>\n",
       "    </tr>\n",
       "    <tr>\n",
       "      <th>GOOGL</th>\n",
       "      <td>0.000117</td>\n",
       "      <td>0.000073</td>\n",
       "      <td>0.000125</td>\n",
       "      <td>0.000113</td>\n",
       "      <td>0.000124</td>\n",
       "      <td>0.000274</td>\n",
       "      <td>0.000125</td>\n",
       "      <td>0.000327</td>\n",
       "      <td>0.000593</td>\n",
       "      <td>0.000282</td>\n",
       "      <td>0.000243</td>\n",
       "      <td>0.000679</td>\n",
       "      <td>0.000141</td>\n",
       "    </tr>\n",
       "    <tr>\n",
       "      <th>V</th>\n",
       "      <td>0.000115</td>\n",
       "      <td>0.000067</td>\n",
       "      <td>0.000114</td>\n",
       "      <td>0.000121</td>\n",
       "      <td>0.000128</td>\n",
       "      <td>0.000187</td>\n",
       "      <td>0.000071</td>\n",
       "      <td>0.000247</td>\n",
       "      <td>0.000282</td>\n",
       "      <td>0.000374</td>\n",
       "      <td>0.000204</td>\n",
       "      <td>0.000363</td>\n",
       "      <td>0.000116</td>\n",
       "    </tr>\n",
       "    <tr>\n",
       "      <th>ABT</th>\n",
       "      <td>0.000125</td>\n",
       "      <td>0.000094</td>\n",
       "      <td>0.000118</td>\n",
       "      <td>0.000113</td>\n",
       "      <td>0.000109</td>\n",
       "      <td>0.000179</td>\n",
       "      <td>0.00008</td>\n",
       "      <td>0.000216</td>\n",
       "      <td>0.000243</td>\n",
       "      <td>0.000204</td>\n",
       "      <td>0.000283</td>\n",
       "      <td>0.000307</td>\n",
       "      <td>0.000133</td>\n",
       "    </tr>\n",
       "    <tr>\n",
       "      <th>META</th>\n",
       "      <td>0.00013</td>\n",
       "      <td>0.000071</td>\n",
       "      <td>0.000138</td>\n",
       "      <td>0.000108</td>\n",
       "      <td>0.000113</td>\n",
       "      <td>0.0003</td>\n",
       "      <td>0.000119</td>\n",
       "      <td>0.000457</td>\n",
       "      <td>0.000679</td>\n",
       "      <td>0.000363</td>\n",
       "      <td>0.000307</td>\n",
       "      <td>0.001793</td>\n",
       "      <td>0.000125</td>\n",
       "    </tr>\n",
       "    <tr>\n",
       "      <th>CVS</th>\n",
       "      <td>0.000115</td>\n",
       "      <td>0.00009</td>\n",
       "      <td>0.000106</td>\n",
       "      <td>0.00011</td>\n",
       "      <td>0.000095</td>\n",
       "      <td>0.000143</td>\n",
       "      <td>0.000088</td>\n",
       "      <td>0.000126</td>\n",
       "      <td>0.000141</td>\n",
       "      <td>0.000116</td>\n",
       "      <td>0.000133</td>\n",
       "      <td>0.000125</td>\n",
       "      <td>0.000284</td>\n",
       "    </tr>\n",
       "  </tbody>\n",
       "</table>\n",
       "</div>"
      ],
      "text/plain": [
       "             PG       JNJ       PEP        KO       MCD      COST       WMT  \\\n",
       "PG     0.000193  0.000089  0.000126   0.00013  0.000098  0.000149  0.000098   \n",
       "JNJ    0.000089   0.00012   0.00008  0.000078  0.000065   0.00009  0.000061   \n",
       "PEP    0.000126   0.00008  0.000151  0.000128  0.000104  0.000143  0.000098   \n",
       "KO      0.00013  0.000078  0.000128  0.000155  0.000098  0.000141  0.000092   \n",
       "MCD    0.000098  0.000065  0.000104  0.000098  0.000155  0.000123  0.000072   \n",
       "COST   0.000149   0.00009  0.000143  0.000141  0.000123    0.0004  0.000201   \n",
       "WMT    0.000098  0.000061  0.000098  0.000092  0.000072  0.000201  0.000291   \n",
       "SBUX   0.000121   0.00006  0.000119   0.00011  0.000154  0.000223  0.000097   \n",
       "GOOGL  0.000117  0.000073  0.000125  0.000113  0.000124  0.000274  0.000125   \n",
       "V      0.000115  0.000067  0.000114  0.000121  0.000128  0.000187  0.000071   \n",
       "ABT    0.000125  0.000094  0.000118  0.000113  0.000109  0.000179   0.00008   \n",
       "META    0.00013  0.000071  0.000138  0.000108  0.000113    0.0003  0.000119   \n",
       "CVS    0.000115   0.00009  0.000106   0.00011  0.000095  0.000143  0.000088   \n",
       "\n",
       "           SBUX     GOOGL         V       ABT      META       CVS  \n",
       "PG     0.000121  0.000117  0.000115  0.000125   0.00013  0.000115  \n",
       "JNJ     0.00006  0.000073  0.000067  0.000094  0.000071   0.00009  \n",
       "PEP    0.000119  0.000125  0.000114  0.000118  0.000138  0.000106  \n",
       "KO      0.00011  0.000113  0.000121  0.000113  0.000108   0.00011  \n",
       "MCD    0.000154  0.000124  0.000128  0.000109  0.000113  0.000095  \n",
       "COST   0.000223  0.000274  0.000187  0.000179    0.0003  0.000143  \n",
       "WMT    0.000097  0.000125  0.000071   0.00008  0.000119  0.000088  \n",
       "SBUX   0.000505  0.000327  0.000247  0.000216  0.000457  0.000126  \n",
       "GOOGL  0.000327  0.000593  0.000282  0.000243  0.000679  0.000141  \n",
       "V      0.000247  0.000282  0.000374  0.000204  0.000363  0.000116  \n",
       "ABT    0.000216  0.000243  0.000204  0.000283  0.000307  0.000133  \n",
       "META   0.000457  0.000679  0.000363  0.000307  0.001793  0.000125  \n",
       "CVS    0.000126  0.000141  0.000116  0.000133  0.000125  0.000284  "
      ]
     },
     "execution_count": 14,
     "metadata": {},
     "output_type": "execute_result"
    }
   ],
   "source": [
    "covariance"
   ]
  },
  {
   "cell_type": "code",
   "execution_count": 15,
   "id": "4498e032-0ca9-42b4-92f3-0a1730e95cfb",
   "metadata": {
    "tags": []
   },
   "outputs": [],
   "source": [
    "coefficient=pd.DataFrame(columns=tickers,index=tickers)\n",
    "for i in range(len(tickers)):\n",
    "    for j in range(len(tickers)):\n",
    "        coefficient.iloc[i,j]=covariance.iloc[i,j]/((covariance.iloc[i,i]*covariance.iloc[j,j])**(0.5))\n",
    "        "
   ]
  },
  {
   "cell_type": "code",
   "execution_count": 16,
   "id": "7c2d304e-2aed-460e-960f-7341b645c0ff",
   "metadata": {
    "tags": []
   },
   "outputs": [
    {
     "data": {
      "text/html": [
       "<div>\n",
       "<style scoped>\n",
       "    .dataframe tbody tr th:only-of-type {\n",
       "        vertical-align: middle;\n",
       "    }\n",
       "\n",
       "    .dataframe tbody tr th {\n",
       "        vertical-align: top;\n",
       "    }\n",
       "\n",
       "    .dataframe thead th {\n",
       "        text-align: right;\n",
       "    }\n",
       "</style>\n",
       "<table border=\"1\" class=\"dataframe\">\n",
       "  <thead>\n",
       "    <tr style=\"text-align: right;\">\n",
       "      <th></th>\n",
       "      <th>PG</th>\n",
       "      <th>JNJ</th>\n",
       "      <th>PEP</th>\n",
       "      <th>KO</th>\n",
       "      <th>MCD</th>\n",
       "      <th>COST</th>\n",
       "      <th>WMT</th>\n",
       "      <th>SBUX</th>\n",
       "      <th>GOOGL</th>\n",
       "      <th>V</th>\n",
       "      <th>ABT</th>\n",
       "      <th>META</th>\n",
       "      <th>CVS</th>\n",
       "    </tr>\n",
       "  </thead>\n",
       "  <tbody>\n",
       "    <tr>\n",
       "      <th>PG</th>\n",
       "      <td>1.0</td>\n",
       "      <td>0.586901</td>\n",
       "      <td>0.736908</td>\n",
       "      <td>0.750157</td>\n",
       "      <td>0.568233</td>\n",
       "      <td>0.536032</td>\n",
       "      <td>0.413968</td>\n",
       "      <td>0.388134</td>\n",
       "      <td>0.344593</td>\n",
       "      <td>0.428367</td>\n",
       "      <td>0.536127</td>\n",
       "      <td>0.220435</td>\n",
       "      <td>0.489392</td>\n",
       "    </tr>\n",
       "    <tr>\n",
       "      <th>JNJ</th>\n",
       "      <td>0.586901</td>\n",
       "      <td>1.0</td>\n",
       "      <td>0.595814</td>\n",
       "      <td>0.57188</td>\n",
       "      <td>0.478366</td>\n",
       "      <td>0.41104</td>\n",
       "      <td>0.327084</td>\n",
       "      <td>0.244258</td>\n",
       "      <td>0.273053</td>\n",
       "      <td>0.31523</td>\n",
       "      <td>0.510759</td>\n",
       "      <td>0.154228</td>\n",
       "      <td>0.490031</td>\n",
       "    </tr>\n",
       "    <tr>\n",
       "      <th>PEP</th>\n",
       "      <td>0.736908</td>\n",
       "      <td>0.595814</td>\n",
       "      <td>1.0</td>\n",
       "      <td>0.839246</td>\n",
       "      <td>0.678448</td>\n",
       "      <td>0.583146</td>\n",
       "      <td>0.468011</td>\n",
       "      <td>0.430791</td>\n",
       "      <td>0.416154</td>\n",
       "      <td>0.479308</td>\n",
       "      <td>0.569004</td>\n",
       "      <td>0.265125</td>\n",
       "      <td>0.512633</td>\n",
       "    </tr>\n",
       "    <tr>\n",
       "      <th>KO</th>\n",
       "      <td>0.750157</td>\n",
       "      <td>0.57188</td>\n",
       "      <td>0.839246</td>\n",
       "      <td>1.0</td>\n",
       "      <td>0.631168</td>\n",
       "      <td>0.564645</td>\n",
       "      <td>0.431072</td>\n",
       "      <td>0.391985</td>\n",
       "      <td>0.374184</td>\n",
       "      <td>0.502442</td>\n",
       "      <td>0.540696</td>\n",
       "      <td>0.204405</td>\n",
       "      <td>0.526384</td>\n",
       "    </tr>\n",
       "    <tr>\n",
       "      <th>MCD</th>\n",
       "      <td>0.568233</td>\n",
       "      <td>0.478366</td>\n",
       "      <td>0.678448</td>\n",
       "      <td>0.631168</td>\n",
       "      <td>1.0</td>\n",
       "      <td>0.494093</td>\n",
       "      <td>0.337509</td>\n",
       "      <td>0.549688</td>\n",
       "      <td>0.408038</td>\n",
       "      <td>0.533531</td>\n",
       "      <td>0.522122</td>\n",
       "      <td>0.213926</td>\n",
       "      <td>0.454531</td>\n",
       "    </tr>\n",
       "    <tr>\n",
       "      <th>COST</th>\n",
       "      <td>0.536032</td>\n",
       "      <td>0.41104</td>\n",
       "      <td>0.583146</td>\n",
       "      <td>0.564645</td>\n",
       "      <td>0.494093</td>\n",
       "      <td>1.0</td>\n",
       "      <td>0.589554</td>\n",
       "      <td>0.496072</td>\n",
       "      <td>0.5635</td>\n",
       "      <td>0.483918</td>\n",
       "      <td>0.531355</td>\n",
       "      <td>0.35464</td>\n",
       "      <td>0.422857</td>\n",
       "    </tr>\n",
       "    <tr>\n",
       "      <th>WMT</th>\n",
       "      <td>0.413968</td>\n",
       "      <td>0.327084</td>\n",
       "      <td>0.468011</td>\n",
       "      <td>0.431072</td>\n",
       "      <td>0.337509</td>\n",
       "      <td>0.589554</td>\n",
       "      <td>1.0</td>\n",
       "      <td>0.253869</td>\n",
       "      <td>0.300018</td>\n",
       "      <td>0.213811</td>\n",
       "      <td>0.279051</td>\n",
       "      <td>0.165356</td>\n",
       "      <td>0.307135</td>\n",
       "    </tr>\n",
       "    <tr>\n",
       "      <th>SBUX</th>\n",
       "      <td>0.388134</td>\n",
       "      <td>0.244258</td>\n",
       "      <td>0.430791</td>\n",
       "      <td>0.391985</td>\n",
       "      <td>0.549688</td>\n",
       "      <td>0.496072</td>\n",
       "      <td>0.253869</td>\n",
       "      <td>1.0</td>\n",
       "      <td>0.597036</td>\n",
       "      <td>0.568092</td>\n",
       "      <td>0.570434</td>\n",
       "      <td>0.480602</td>\n",
       "      <td>0.33251</td>\n",
       "    </tr>\n",
       "    <tr>\n",
       "      <th>GOOGL</th>\n",
       "      <td>0.344593</td>\n",
       "      <td>0.273053</td>\n",
       "      <td>0.416154</td>\n",
       "      <td>0.374184</td>\n",
       "      <td>0.408038</td>\n",
       "      <td>0.5635</td>\n",
       "      <td>0.300018</td>\n",
       "      <td>0.597036</td>\n",
       "      <td>1.0</td>\n",
       "      <td>0.598806</td>\n",
       "      <td>0.594062</td>\n",
       "      <td>0.65795</td>\n",
       "      <td>0.342657</td>\n",
       "    </tr>\n",
       "    <tr>\n",
       "      <th>V</th>\n",
       "      <td>0.428367</td>\n",
       "      <td>0.31523</td>\n",
       "      <td>0.479308</td>\n",
       "      <td>0.502442</td>\n",
       "      <td>0.533531</td>\n",
       "      <td>0.483918</td>\n",
       "      <td>0.213811</td>\n",
       "      <td>0.568092</td>\n",
       "      <td>0.598806</td>\n",
       "      <td>1.0</td>\n",
       "      <td>0.627402</td>\n",
       "      <td>0.443182</td>\n",
       "      <td>0.355144</td>\n",
       "    </tr>\n",
       "    <tr>\n",
       "      <th>ABT</th>\n",
       "      <td>0.536127</td>\n",
       "      <td>0.510759</td>\n",
       "      <td>0.569004</td>\n",
       "      <td>0.540696</td>\n",
       "      <td>0.522122</td>\n",
       "      <td>0.531355</td>\n",
       "      <td>0.279051</td>\n",
       "      <td>0.570434</td>\n",
       "      <td>0.594062</td>\n",
       "      <td>0.627402</td>\n",
       "      <td>1.0</td>\n",
       "      <td>0.430424</td>\n",
       "      <td>0.470722</td>\n",
       "    </tr>\n",
       "    <tr>\n",
       "      <th>META</th>\n",
       "      <td>0.220435</td>\n",
       "      <td>0.154228</td>\n",
       "      <td>0.265125</td>\n",
       "      <td>0.204405</td>\n",
       "      <td>0.213926</td>\n",
       "      <td>0.35464</td>\n",
       "      <td>0.165356</td>\n",
       "      <td>0.480602</td>\n",
       "      <td>0.65795</td>\n",
       "      <td>0.443182</td>\n",
       "      <td>0.430424</td>\n",
       "      <td>1.0</td>\n",
       "      <td>0.175174</td>\n",
       "    </tr>\n",
       "    <tr>\n",
       "      <th>CVS</th>\n",
       "      <td>0.489392</td>\n",
       "      <td>0.490031</td>\n",
       "      <td>0.512633</td>\n",
       "      <td>0.526384</td>\n",
       "      <td>0.454531</td>\n",
       "      <td>0.422857</td>\n",
       "      <td>0.307135</td>\n",
       "      <td>0.33251</td>\n",
       "      <td>0.342657</td>\n",
       "      <td>0.355144</td>\n",
       "      <td>0.470722</td>\n",
       "      <td>0.175174</td>\n",
       "      <td>1.0</td>\n",
       "    </tr>\n",
       "  </tbody>\n",
       "</table>\n",
       "</div>"
      ],
      "text/plain": [
       "             PG       JNJ       PEP        KO       MCD      COST       WMT  \\\n",
       "PG          1.0  0.586901  0.736908  0.750157  0.568233  0.536032  0.413968   \n",
       "JNJ    0.586901       1.0  0.595814   0.57188  0.478366   0.41104  0.327084   \n",
       "PEP    0.736908  0.595814       1.0  0.839246  0.678448  0.583146  0.468011   \n",
       "KO     0.750157   0.57188  0.839246       1.0  0.631168  0.564645  0.431072   \n",
       "MCD    0.568233  0.478366  0.678448  0.631168       1.0  0.494093  0.337509   \n",
       "COST   0.536032   0.41104  0.583146  0.564645  0.494093       1.0  0.589554   \n",
       "WMT    0.413968  0.327084  0.468011  0.431072  0.337509  0.589554       1.0   \n",
       "SBUX   0.388134  0.244258  0.430791  0.391985  0.549688  0.496072  0.253869   \n",
       "GOOGL  0.344593  0.273053  0.416154  0.374184  0.408038    0.5635  0.300018   \n",
       "V      0.428367   0.31523  0.479308  0.502442  0.533531  0.483918  0.213811   \n",
       "ABT    0.536127  0.510759  0.569004  0.540696  0.522122  0.531355  0.279051   \n",
       "META   0.220435  0.154228  0.265125  0.204405  0.213926   0.35464  0.165356   \n",
       "CVS    0.489392  0.490031  0.512633  0.526384  0.454531  0.422857  0.307135   \n",
       "\n",
       "           SBUX     GOOGL         V       ABT      META       CVS  \n",
       "PG     0.388134  0.344593  0.428367  0.536127  0.220435  0.489392  \n",
       "JNJ    0.244258  0.273053   0.31523  0.510759  0.154228  0.490031  \n",
       "PEP    0.430791  0.416154  0.479308  0.569004  0.265125  0.512633  \n",
       "KO     0.391985  0.374184  0.502442  0.540696  0.204405  0.526384  \n",
       "MCD    0.549688  0.408038  0.533531  0.522122  0.213926  0.454531  \n",
       "COST   0.496072    0.5635  0.483918  0.531355   0.35464  0.422857  \n",
       "WMT    0.253869  0.300018  0.213811  0.279051  0.165356  0.307135  \n",
       "SBUX        1.0  0.597036  0.568092  0.570434  0.480602   0.33251  \n",
       "GOOGL  0.597036       1.0  0.598806  0.594062   0.65795  0.342657  \n",
       "V      0.568092  0.598806       1.0  0.627402  0.443182  0.355144  \n",
       "ABT    0.570434  0.594062  0.627402       1.0  0.430424  0.470722  \n",
       "META   0.480602   0.65795  0.443182  0.430424       1.0  0.175174  \n",
       "CVS     0.33251  0.342657  0.355144  0.470722  0.175174       1.0  "
      ]
     },
     "execution_count": 16,
     "metadata": {},
     "output_type": "execute_result"
    }
   ],
   "source": [
    "coefficient"
   ]
  },
  {
   "cell_type": "code",
   "execution_count": 18,
   "id": "7718f914-bc5a-48c1-8c2a-4d5af2e350a6",
   "metadata": {
    "tags": []
   },
   "outputs": [
    {
     "data": {
      "text/plain": [
       "[0.00015984994420281638,\n",
       " 0.00011004232232917281,\n",
       " 7.078814578869579e-05,\n",
       " 0.00011422574485535601,\n",
       " 0.00011366994139758963,\n",
       " 0.00011296581619208389,\n",
       " 0.00021405155769207477,\n",
       " 0.00010232684198351021,\n",
       " 0.00015099368365058158,\n",
       " 0.000249034318236169,\n",
       " 0.0003109186942839908,\n",
       " 0.00022530291855966033,\n",
       " 0.00019331570104385066,\n",
       " 0.00040733351071252816,\n",
       " 0.00013262772010191155]"
      ]
     },
     "execution_count": 18,
     "metadata": {},
     "output_type": "execute_result"
    }
   ],
   "source": [
    "bench_cov"
   ]
  },
  {
   "cell_type": "code",
   "execution_count": 19,
   "id": "18969d13-7b2b-4021-b867-7657c6e459d4",
   "metadata": {
    "tags": []
   },
   "outputs": [],
   "source": [
    "bench_coe=[]\n",
    "for i in range(len(bench_cov)):\n",
    "    bench_coe.append(bench_cov[i]/(covariance.iloc[i,i]*(sum(bench_data.iloc[1:,0]**2)/(len(data.index)-1)-(sum(bench_data.iloc[1:,0])/(len(data.index)-1))**2))**0.5)"
   ]
  },
  {
   "cell_type": "code",
   "execution_count": 20,
   "id": "9ca9cf78-1edf-4727-9d46-0eb94d7da4d3",
   "metadata": {
    "tags": []
   },
   "outputs": [
    {
     "data": {
      "text/plain": [
       "[0.728842047143037,\n",
       " 0.5202867218866843,\n",
       " 0.42490944610429787,\n",
       " 0.6098033244384352,\n",
       " 0.5994063556007315,\n",
       " 0.5954263151970323,\n",
       " 0.7028240104301373,\n",
       " 0.3937296975646464,\n",
       " 0.7026349854097529,\n",
       " 0.7275693886174847,\n",
       " 0.8380233352175261,\n",
       " 0.7650867131508485,\n",
       " 0.7546267760965306,\n",
       " 0.6315053126362761,\n",
       " 0.5165043488045887]"
      ]
     },
     "execution_count": 20,
     "metadata": {},
     "output_type": "execute_result"
    }
   ],
   "source": [
    "bench_coe"
   ]
  },
  {
   "cell_type": "code",
   "execution_count": 23,
   "id": "fae3fa42-cb88-4511-a453-db1d2e0be0c6",
   "metadata": {
    "tags": []
   },
   "outputs": [],
   "source": [
    "his_data=pd.DataFrame(columns=tickers)\n",
    "for ticker in tickers:\n",
    "    stock=yf.Ticker(ticker)\n",
    "    his_data[ticker]=list(stock.history(start=\"2018-01-01\", end=\"2022-12-31\").Close)\n",
    "\n",
    "his_bench_data=pd.DataFrame(columns=['^GSPC'])\n",
